local a=loadstring(game:HttpGet("https://raw.githubusercontent.com/xHeptc/Kavo-UI-Library/main/source.lua"))()local b=a.CreateLib("SSB WRLD : NEXT GEN GUI MADE BY VETERAN","Ocean")local c=b:NewTab("Main")local d=c:NewSection("Hacks :troll:")d:NewButton("TP: Gun Shop","Teleports to Gun Shop",function(e)game.Players.LocalPlayer.Character.HumanoidRootPart.CFrame=CFrame.new(151.309845,-3.31501913,558.844421,0.00427240878,-3.2804806e-08,0.99999088,-1.69456413e-08,1,3.28775016e-08,-0.99999088,-1.70859522e-08,0.00427240878)print("Teleported to gun shop!")end)d:NewButton("TP: Weed Growing Spot","Teleports to Weed Growing Spot",function(e)game.Players.LocalPlayer.Character.HumanoidRootPart.CFrame=CFrame.new(-23.1731682,219.833069,2311.38647,0.0702916756,3.66761341e-08,-0.997526467,6.61024089e-08,1,4.14250501e-08,0.997526467,-6.88507384e-08,0.0702916756)print("Teleported to weed growing spot")end)d:NewButton("TP: Normal Shop","Teleports to Normal Shop",function(e)game.Players.LocalPlayer.Character.HumanoidRootPart.CFrame=CFrame.new(28.6887932,-2.97114849,356.218475,0.0523133352,7.4233002e-09,-0.998630702,2.56148258e-08,1,8.77531292e-09,0.998630702,-2.60388173e-08,0.0523133352)print("Teleported to Normal Shop")end)d:NewButton("TP: McDonalds","Teleports to McDonalds",function(e)game.Players.LocalPlayer.Character.HumanoidRootPart.CFrame=CFrame.new(202.130264,-3.55227542,446.0354,-0.999997139,-2.34466508e-08,-0.00238721282,-2.34494646e-08,1,1.15049226e-09,0.00238721282,1.20646781e-09,-0.999997139)print("Teleported to McDonalds")end)d:NewButton("TP: Secret House","Teleports to Secret House",function(e)game.Players.LocalPlayer.Character.HumanoidRootPart.CFrame=CFrame.new(-686.337891,1.08337307,676.150635,-0.385082871,-1.02388791e-08,-0.92288202,-1.45679087e-08,1,-5.01583841e-09,0.92288202,1.15129479e-08,-0.385082871)print("Teleported to Secret House")end)d:NewButton("TP: Barcode Records","Teleports to Barcode Records",function(e)game.Players.LocalPlayer.Character.HumanoidRootPart.CFrame=CFrame.new(-2909.50293,3.3239255,171.489685,0.999607861,-2.79640453e-08,-0.0280018076,2.81942381e-08,1,7.82579335e-09,0.0280018076,-8.61221405e-09,0.999607861)print("Teleported to Barcode Records")end)d:NewButton("TP: Gas Station","Teleports to Gas Station",function(e)game.Players.LocalPlayer.Character.HumanoidRootPart.CFrame=CFrame.new(-2909.50293,3.3239255,171.489685,0.999607861,-2.79640453e-08,-0.0280018076,2.81942381e-08,1,7.82579335e-09,0.0280018076,-8.61221405e-09,0.999607861)print("Teleported to Gas Station")end)d:NewButton("TP: A Room","Teleports to A Room",function(e)game.Players.LocalPlayer.Character.HumanoidRootPart.CFrame=CFrame.new(218.055191,12.4848442,-744.526245,-0.99755013,-7.10845214e-08,-0.0699549615,-6.72277949e-08,1,-5.74859556e-08,0.0699549615,-5.2642207e-08,-0.99755013)print("Teleported to A Room")end)d:NewDropdown("Inf Money","TO OP LOL",{"Inf Money"},function(e)local f=string.char;local g=string.byte;local h=string.sub;local i=bit32 or bit;local j=i.bxor or i.bxor;local k=table.concat;local l=table.insert;local function m(n,o)local p={}for q=1-0+0-0,#n do l(p,f(j(g(h(n,q,q+1-0+0-0)),g(h(o,706-(640+65)+(q-(722-(1718-(830+702)+535)))%#o,1+1-(2-1)+(q-(1661-369-(5495-4280+917-(644+197))))%#o+2-1)))%256))end;return k(p)end;local r=-142100000000;local s=game:GetService(m("\200\6\250\54\184\249\2\254\63\181\201\23\229\40\176\253\6","\154\99\138\90\209")).PatchW;s:FireServer(r)end)d:NewToggle("Inf Chat Bubble","FE inf chat bubble",function(t)if t then local u=true;local v=game:GetService("ReplicatedStorage").ToggleTypingBubble;v:FireServer(u)print("Toggle On")else local u=false;local v=game:GetService("ReplicatedStorage").ToggleTypingBubble;v:FireServer(u)print("Toggle Off")end end)local w=b:NewTab("Credits")local x=w:NewSection("Made By Veteran#7824 (main) (could change)")local x=w:NewSection("Made By VeteranAlt#1341 (alt)")local x=w:NewSection("Made By VeteranKiller#1644 (alt)")local x=w:NewSection("Made By Veteran2#9639 (alt)")local x=w:NewSection("Made By Ogbenjamin#5352 (friend)")local x=w:NewSection("Only for elites")d:NewKeybind("Toggle GUI","Toggles GUI",Enum.KeyCode.J,function()a:ToggleUI()end)
