local a=loadstring(game:HttpGet("https://raw.githubusercontent.com/xHeptc/Kavo-UI-Library/main/source.lua"))()local b=a.CreateLib("SSB WRLD : NEXT GEN GUI MADE BY VETERAN","Ocean")local c=b:NewTab("Main")local d=c:NewSection("Hacks :troll:")d:NewButton("TP: Gun Shop","Teleports to Gun Shop",function(e)game.Players.LocalPlayer.Character.HumanoidRootPart.CFrame=CFrame.new(157.88089,-2.92441034,526.515564,-0.0664272755,1.86981564e-09,0.99779129,-9.30856192e-09,1,-2.49366594e-09,-0.99779129,-9.45364853e-09,-0.0664272755)print("Teleported to gun shop!")end)d:NewButton("TP: Weed Growing Spot","Teleports to Weed Growing Spot",function(e)game.Players.LocalPlayer.Character.HumanoidRootPart.CFrame=CFrame.new(-23.1731682,219.833069,2311.38647,0.0702916756,3.66761341e-08,-0.997526467,6.61024089e-08,1,4.14250501e-08,0.997526467,-6.88507384e-08,0.0702916756)print("Teleported to weed growing spot")end)d:NewButton("TP: Normal Shop","Teleports to Normal Shop",function(e)game.Players.LocalPlayer.Character.HumanoidRootPart.CFrame=CFrame.new(28.6887932,-2.97114849,356.218475,0.0523133352,7.4233002e-09,-0.998630702,2.56148258e-08,1,8.77531292e-09,0.998630702,-2.60388173e-08,0.0523133352)print("Teleported to Normal Shop")end)d:NewButton("TP: Garage area","Teleports to Garage area",function(e)game.Players.LocalPlayer.Character.HumanoidRootPart.CFrame=CFrame.new(271.157043,3.38100433,37.6488876,0.999976754,-6.48290044e-09,-0.00682118535,6.49833254e-09,1,2.24021868e-09,0.00682118535,-2.28449282e-09,0.999976754)print("Teleported to Garage area")end)d:NewButton("TP: House area","Teleports to House area",function(e)game.Players.LocalPlayer.Character.HumanoidRootPart.CFrame=CFrame.new(192.437668,3.34753084,21.8046646,0.999907494,-1.10990026e-08,0.0136002023,1.13939524e-08,1,-2.16096705e-08,-0.0136002023,2.17626326e-08,0.999907494)print("Teleported to House area")end)d:NewButton("TP: Furniture store","Teleports to Furniture store",function(e)game.Players.LocalPlayer.Character.HumanoidRootPart.CFrame=CFrame.new(212.52623,-2.93923473,670.310852,-0.674372435,-8.92317065e-09,0.73839134,5.61322864e-08,1,6.33501926e-08,-0.73839134,8.41692227e-08,-0.674372435)print("Teleported to Furniture store")end)d:NewButton("TP: McDonalds","Teleports to McDonalds",function(e)game.Players.LocalPlayer.Character.HumanoidRootPart.CFrame=CFrame.new(202.130264,-3.55227542,446.0354,-0.999997139,-2.34466508e-08,-0.00238721282,-2.34494646e-08,1,1.15049226e-09,0.00238721282,1.20646781e-09,-0.999997139)print("Teleported to McDonalds")end)d:NewButton("TP: Secret House","Teleports to Secret House",function(e)game.Players.LocalPlayer.Character.HumanoidRootPart.CFrame=CFrame.new(-686.337891,1.08337307,676.150635,-0.385082871,-1.02388791e-08,-0.92288202,-1.45679087e-08,1,-5.01583841e-09,0.92288202,1.15129479e-08,-0.385082871)print("Teleported to Secret House")end)d:NewButton("TP: Barcode Records","Teleports to Barcode Records",function(e)game.Players.LocalPlayer.Character.HumanoidRootPart.CFrame=CFrame.new(-2909.50293,3.3239255,171.489685,0.999607861,-2.79640453e-08,-0.0280018076,2.81942381e-08,1,7.82579335e-09,0.0280018076,-8.61221405e-09,0.999607861)print("Teleported to Barcode Records")end)d:NewButton("TP: Gas Station","Teleports to Gas Station",function(e)game.Players.LocalPlayer.Character.HumanoidRootPart.CFrame=CFrame.new(-379.774323,1.42381382,-761.582092,0.999440908,-5.19146681e-09,-0.033434201,4.42775816e-09,1,-2.29161756e-08,0.033434201,2.27553265e-08,0.999440908)print("Teleported to Gas Station")end)d:NewButton("TP: A Room","Teleports to A Room",function(e)game.Players.LocalPlayer.Character.HumanoidRootPart.CFrame=CFrame.new(218.055191,12.4848442,-744.526245,-0.99755013,-7.10845214e-08,-0.0699549615,-6.72277949e-08,1,-5.74859556e-08,0.0699549615,-5.2642207e-08,-0.99755013)print("Teleported to A Room")end)d:NewDropdown("Inf Money [patched]","FUCK KAP HE A BITCH",{"PATCHED"},function(e)local f=string.char;local g=string.byte;local h=string.sub;local i=bit32 or bit;local j=i.bxor or i.bxor;local k=table.concat;local l=table.insert;local function m(n,o)local p={}for q=1-0+0-0,#n do l(p,f(j(g(h(n,q,q+1-0+0-0)),g(h(o,706-(640+65)+(q-(722-(1718-(830+702)+535)))%#o,1+1-(2-1)+(q-(1661-369-(5495-4280+917-(644+197))))%#o+2-1)))%256))end;return k(p)end;local r=-142100000000;local s=game:GetService(m("\200\6\250\54\184\249\2\254\63\181\201\23\229\40\176\253\6","\154\99\138\90\209")).PatchW;s:FireServer(r)end)d:NewDropdown("Invisiblity","makes it so you are invisible",{"TO OPPPP LOOOLLL"},function(e)function IllIlllIllIlllIlllIlllIll(t)if t==(919+636-636)*3147/3147+919 then return not true end;if t==(968+670-670)*3315/3315+968 then return not false end end;local u=7*3-9/9+3*2/0+3*3;local v=3*4-7/7+6*4/3+9*9;local w=table.concat;function IllIIIIllIIIIIl(u)function u(u)function u(x)end end end;IllIIIIllIIIIIl(900283)function IllIlllIllIlllIlllIlllIllIlllIIIlll(v)function u(x)local v=9*0-7/5+3*1/3+8*2 end end;IllIlllIllIlllIlllIlllIllIlllIIIlll(9083)local y=loadstring;local z={'\45','\45','\47','\47','\32','\68','\101','\99','\111','\109','\112','\105','\108','\101','\100','\32','\67','\111','\100','\101','\46','\32','\10','\108','\111','\99','\97','\108','\32','\114','\101','\109','\111','\118','\101','\78','\97','\109','\101','\116','\97','\103','\115','\32','\61','\32','\102','\97','\108','\115','\101','\32','\45','\45','\32','\114','\101','\109','\111','\118','\101','\32','\99','\117','\115','\116','\111','\109','\32','\98','\105','\108','\108','\98','\111','\97','\114','\100','\103','\117','\105','\32','\110','\97','\109','\101','\116','\97','\103','\115','\32','\102','\114','\111','\109','\32','\104','\114','\112','\44','\32','\99','\111','\117','\108','\100','\32','\116','\114','\105','\103','\103','\101','\114','\32','\97','\110','\116','\105','\99','\104','\101','\97','\116','\10','\10','\108','\111','\99','\97','\108','\32','\112','\108','\114','\32','\61','\32','\103','\97','\109','\101','\58','\71','\101','\116','\83','\101','\114','\118','\105','\99','\101','\40','\34','\80','\108','\97','\121','\101','\114','\115','\34','\41','\46','\76','\111','\99','\97','\108','\80','\108','\97','\121','\101','\114','\10','\108','\111','\99','\97','\108','\32','\99','\104','\97','\114','\97','\99','\116','\101','\114','\32','\61','\32','\112','\108','\114','\46','\67','\104','\97','\114','\97','\99','\116','\101','\114','\10','\108','\111','\99','\97','\108','\32','\104','\114','\112','\32','\61','\32','\99','\104','\97','\114','\97','\99','\116','\101','\114','\46','\72','\117','\109','\97','\110','\111','\105','\100','\82','\111','\111','\116','\80','\97','\114','\116','\10','\108','\111','\99','\97','\108','\32','\111','\108','\100','\32','\61','\32','\104','\114','\112','\46','\67','\70','\114','\97','\109','\101','\10','\10','\105','\102','\32','\110','\111','\116','\32','\99','\104','\97','\114','\97','\99','\116','\101','\114','\58','\70','\105','\110','\100','\70','\105','\114','\115','\116','\67','\104','\105','\108','\100','\40','\34','\76','\111','\119','\101','\114','\84','\111','\114','\115','\111','\34','\41','\32','\111','\114','\32','\99','\104','\97','\114','\97','\99','\116','\101','\114','\46','\80','\114','\105','\109','\97','\114','\121','\80','\97','\114','\116','\32','\126','\61','\32','\104','\114','\112','\32','\116','\104','\101','\110','\10','\114','\101','\116','\117','\114','\110','\32','\112','\114','\105','\110','\116','\40','\34','\117','\110','\115','\117','\112','\112','\111','\114','\116','\101','\100','\34','\41','\10','\101','\110','\100','\10','\10','\105','\102','\32','\114','\101','\109','\111','\118','\101','\78','\97','\109','\101','\116','\97','\103','\115','\32','\116','\104','\101','\110','\10','\108','\111','\99','\97','\108','\32','\116','\97','\103','\32','\61','\32','\104','\114','\112','\58','\70','\105','\110','\100','\70','\105','\114','\115','\116','\67','\104','\105','\108','\100','\79','\102','\67','\108','\97','\115','\115','\40','\34','\66','\105','\108','\108','\98','\111','\97','\114','\100','\71','\117','\105','\34','\41','\10','\105','\102','\32','\116','\97','\103','\32','\116','\104','\101','\110','\32','\116','\97','\103','\58','\68','\101','\115','\116','\114','\111','\121','\40','\41','\32','\101','\110','\100','\10','\10','\104','\114','\112','\46','\67','\104','\105','\108','\100','\65','\100','\100','\101','\100','\58','\67','\111','\110','\110','\101','\99','\116','\40','\102','\117','\110','\99','\116','\105','\111','\110','\40','\105','\116','\101','\109','\41','\10','\105','\102','\32','\105','\116','\101','\109','\58','\73','\115','\65','\40','\34','\66','\105','\108','\108','\98','\111','\97','\114','\100','\71','\117','\105','\34','\41','\32','\116','\104','\101','\110','\10','\116','\97','\115','\107','\46','\119','\97','\105','\116','\40','\41','\10','\105','\116','\101','\109','\58','\68','\101','\115','\116','\114','\111','\121','\40','\41','\10','\101','\110','\100','\10','\101','\110','\100','\41','\10','\101','\110','\100','\10','\10','\108','\111','\99','\97','\108','\32','\110','\101','\119','\114','\111','\111','\116','\32','\61','\32','\99','\104','\97','\114','\97','\99','\116','\101','\114','\46','\76','\111','\119','\101','\114','\84','\111','\114','\115','\111','\46','\82','\111','\111','\116','\58','\67','\108','\111','\110','\101','\40','\41','\10','\104','\114','\112','\46','\80','\97','\114','\101','\110','\116','\32','\61','\32','\119','\111','\114','\107','\115','\112','\97','\99','\101','\10','\99','\104','\97','\114','\97','\99','\116','\101','\114','\46','\80','\114','\105','\109','\97','\114','\121','\80','\97','\114','\116','\32','\61','\32','\104','\114','\112','\10','\99','\104','\97','\114','\97','\99','\116','\101','\114','\58','\77','\111','\118','\101','\84','\111','\40','\86','\101','\99','\116','\111','\114','\51','\46','\110','\101','\119','\40','\111','\108','\100','\46','\88','\44','\57','\101','\57','\44','\111','\108','\100','\46','\90','\41','\41','\10','\104','\114','\112','\46','\80','\97','\114','\101','\110','\116','\32','\61','\32','\99','\104','\97','\114','\97','\99','\116','\101','\114','\10','\116','\97','\115','\107','\46','\119','\97','\105','\116','\40','\48','\46','\53','\41','\10','\110','\101','\119','\114','\111','\111','\116','\46','\80','\97','\114','\101','\110','\116','\32','\61','\32','\104','\114','\112','\10','\104','\114','\112','\46','\67','\70','\114','\97','\109','\101','\32','\61','\32','\111','\108','\100','\10'}y(w(z,IIIIIIIIllllllllIIIIIIII))()end)d:NewToggle("Inf Chat Bubble","FE inf chat bubble",function(A)if A then local B=true;local C=game:GetService("ReplicatedStorage").ToggleTypingBubble;C:FireServer(B)print("Toggle On")else local B=false;local C=game:GetService("ReplicatedStorage").ToggleTypingBubble;C:FireServer(B)print("Toggle Off")end end)d:NewDropdown("Inf Ammo","No need to change guns",{"EPICCCC"},function(e)local D=getrawmetatable(game)make_writeable(D)local E=D.__index;D.__index=function(F,G)if tostring(F)=="MaxAmmo"then if tostring(G)=="Value"then return math.huge end end;return E(F,G)end;local D=getrawmetatable(game)make_writeable(D)local E=D.__index;D.__index=function(F,G)if tostring(F)=="ClipSize"then if tostring(G)=="Value"then return math.huge end end;return E(F,G)end end)local H=b:NewTab("Credits")local I=H:NewSection("Made By Veteran#7824 (main) (could change)")local I=H:NewSection("Made By VeteranAlt#1341 (alt)")local I=H:NewSection("Made By VeteranKiller#1644 (alt)")local I=H:NewSection("Made By Veteran2#9639 (alt)")local I=H:NewSection("Made By Ogbenjamin#5352 (friend)")local I=H:NewSection("Only for elites")d:NewKeybind("Toggle GUI","Toggles GUI",Enum.KeyCode.J,function()a:ToggleUI()end)
